[gd_scene load_steps=6 format=3 uid="uid://we0fibcjxv2b"]

[ext_resource type="Script" uid="uid://ulq0s6wq85wc" path="res://Scripts/camera_3d.gd" id="1_jjgbg"]
[ext_resource type="PackedScene" uid="uid://caicdpy2vlhiq" path="res://Scenes/roulette.tscn" id="2_bo1nx"]

[sub_resource type="ProceduralSkyMaterial" id="ProceduralSkyMaterial_7u77a"]
sky_horizon_color = Color(0.662243, 0.671743, 0.686743, 1)
ground_horizon_color = Color(0.662243, 0.671743, 0.686743, 1)

[sub_resource type="Sky" id="Sky_jjgbg"]
sky_material = SubResource("ProceduralSkyMaterial_7u77a")

[sub_resource type="Environment" id="Environment_bo1nx"]
background_mode = 2
sky = SubResource("Sky_jjgbg")
tonemap_mode = 2

[node name="Node3D" type="Node3D"]

[node name="WorldEnvironment" type="WorldEnvironment" parent="."]
environment = SubResource("Environment_bo1nx")

[node name="DirectionalLight3D" type="DirectionalLight3D" parent="."]
transform = Transform3D(-0.866023, -0.433016, 0.250001, 0, 0.499998, 0.866027, -0.500003, 0.749999, -0.43301, 0, 0, 0)
shadow_enabled = true

[node name="CSGCombiner3D" type="CSGCombiner3D" parent="."]
use_collision = true

[node name="Floor" type="CSGBox3D" parent="CSGCombiner3D"]
transform = Transform3D(1.4, 0, 0, 0, 1, 0, 0, 0, 1, -17.99, 0, 0.8)
use_collision = true
size = Vector3(38.2, 1, 62.6)

[node name="Table" type="CSGBox3D" parent="CSGCombiner3D"]
transform = Transform3D(1, 0, 0, 0, 1, 0, 0, 0, 1, 0.36, 4.78, 0)
use_collision = true
size = Vector3(8.1, 1, 27.4)

[node name="FrontWall" type="CSGBox3D" parent="CSGCombiner3D"]
transform = Transform3D(-4.37114e-08, 1, 0, -1, -4.37114e-08, 0, 0, 0, 1, 5.05, 7.7, 0)
use_collision = true
size = Vector3(14.8, 1, 28.2)

[node name="RightWall" type="CSGBox3D" parent="CSGCombiner3D"]
transform = Transform3D(1.91069e-15, -4.37114e-08, -1.4, -1, -4.37114e-08, 0, -4.37114e-08, 1, -6.1196e-08, -30.44, 7.7, 30)
use_collision = true
size = Vector3(14.8, 1, 20.8)

[node name="LeftWall" type="CSGBox3D" parent="CSGCombiner3D"]
transform = Transform3D(1.91069e-15, -4.37114e-08, -1.4, -1, -4.37114e-08, 0, -4.37114e-08, 1, -6.1196e-08, -30.1, 7.7, -30)
use_collision = true
size = Vector3(14.8, 1, 20.8)

[node name="ShopWall" type="CSGBox3D" parent="CSGCombiner3D"]
transform = Transform3D(2.99966e-08, -0.686242, 1.01832, -1, -4.37114e-08, 2.96462e-22, 3.17945e-08, -0.727374, -0.960738, -6.442, 7.7, 21)
use_collision = true
size = Vector3(14.8, 1, 22.4)

[node name="ShopWindow" type="CSGBox3D" parent="CSGCombiner3D"]
transform = Transform3D(2.99966e-08, -0.686242, 0.727374, -1, -4.37114e-08, 0, 3.17945e-08, -0.727374, -0.686242, -7.98377, 9.3, 22.3515)
operation = 2
use_collision = true
size = Vector3(4.7, 2.8, 16.4)

[node name="SlopWall" type="CSGBox3D" parent="CSGCombiner3D"]
transform = Transform3D(-2.99966e-08, 0.686242, 1.01832, -1, -4.37114e-08, 2.96462e-22, 3.17945e-08, -0.727374, 0.960738, -5.507, 7.7, -21)
use_collision = true
size = Vector3(14.8, 1, 20.8)

[node name="SlopWindow" type="CSGBox3D" parent="CSGCombiner3D"]
transform = Transform3D(-2.99966e-08, 0.686242, 0.727374, -1, -4.37114e-08, 0, 3.17945e-08, -0.727374, 0.686242, -6.26362, 8.9, -21.0099)
operation = 2
use_collision = true
size = Vector3(10.2, 2.8, 15)

[node name="Camera3D" type="Camera3D" parent="."]
transform = Transform3D(-4.37114e-08, 0, -1, 0, 1, 0, 1, 0, -4.37114e-08, -22, 9, 0)
script = ExtResource("1_jjgbg")

[node name="Roulette" parent="." instance=ExtResource("2_bo1nx")]
transform = Transform3D(1, 0, 0, 0, 1, 0, 0, 0, 1, -3.72582, 6, 0)
